586958.16 4140290.26   2  1
586958.05 4140286.56   1  2
587319.54 4140402.14   3  2
587319.54 4140398.10   2  3
587403.84 4140575.76   5  3
587490.00 4140511.51   3  5
587604.27 4140525.47   5  4
587637.55 4140496.21   4  5
587394.24 4140847.92   5  6
587383.61 4140824.50   6  5
587141.47 4140944.70   6  9
587071.85 4140939.72   9  6
586873.78 4140875.67   10  9
586874.75 4140905.72   9  10
587008.80 4140791.11   10  7
587009.60 4140797.18   7  10
587226.33 4140789.25   7  6
587225.63 4140814.58   6  7
587269.96 4140731.09   8  7
587269.96 4140724.32   7  8
587282.99 4140558.97   2  8
587276.82 4140561.62   8  2
586728.27 4140303.76   1  13
586724.88 4140304.87   13  1
586925.71 4140587.36   13  14
586925.71 4140594.16   14  13
586831.26 4140709.30   13  11
586827.58 4140710.87   11  13
586794.13 4140806.05   11  12
586794.13 4140799.18   12  11
586854.11 4140814.72   10  11
586856.90 4140810.01   11  10

